N 1 2 3 4 -5 N 5 6 7 8 -9 N 9 10 11 12 -13 N 13 14 15 16 -1 
N 1 16 15 2 -9 N 9 8 3 6 -5 N 5 4 7 10 -13 N 13 12 11 14 -1 
26 27 28 29 30 31 32 33 34 35 36 37 38 39 40 41 42 43 44 45 46 47 48 49 
N N N N N N N N N N N N N N N N N N N N N N N N 
Time Elapsed:  6.471050500869751
1
26 47 46 27 36 29 38 35 28 37 30 43 32 49 34 39 42 31 44 41 40 45 48 33 
N 26 27 28 29 30 31 -32 N 32 33 34 35 36 37 -38 N 38 39 40 41 42 43 -44 N 44 45 46 47 48 49 -26 
N 26 47 46 27 36 29 -38 N 38 35 28 37 30 43 -32 N 32 49 34 39 42 31 -44 N 44 41 40 45 48 33 -26 
50 51 52 53 54 55 56 57 58 59 60 61 62 63 64 65 66 67 68 69 70 71 72 73 74 75 76 77 78 79 80 81 
N N N N N N N N N N N N N N N N N N N N N N N N N N N N N N N N 
Time Elapsed:  11959.749004364014
1
50 64 52 79 78 53 67 55 66 54 68 63 51 65 56 81 58 61 60 59 62 69 72 75 74 73 76 71 70 77 80 57 